3925.021
3975.301
4051.47
3982.911
3916.639
3988.954
3986.326
3876.811
3977.312
4043.465
3981.594
3911.58
3976.485
4052.561
4065.369
4076.173
4076.56
4072.703
4048.291
4060.378
4059.465
4054.729
4066.07
4066.483
4073.647
4080.873
4065.07
4140.864
4073.767
4093.698
4070.408
4133.331
4026.381
4137.63
4008.238
4028.079
4027.916
3998.488
4032.005
3911.645
3974.779
4040.793
4042.029
4086.155
4115.4
4097.616
4019.217
3990.653
4033.009
3980.776
4101.556
4097.61
4099.924
4103.426
4055.66
4067.501
4076.398
4076.925
4033.707
3960.167
4021.033
4018.676
4015.298
4016.23
3927.021
4033.779
3862.524
3805.228
3869.168
3817.038
