2768.843
2878.028
3077.725
2855.231
2923.271
2924.826
3016.792
2954.815
2910.445
3012.434
3085.291
2904.369
2906.257
2847.731
3020.025
2852.122
2942.392
2831.753
3220.807
3102.854
2931.558
2814.525
2995.017
2680.46
2967.549
2859.592
2836.276
2733.503
2443.869
2509.584
2689.375
2578.519
2680.317
2763.531
2462.394
2615.535
2703.147
2956.269
2506.756
2752.437
2497.987
2562.763
2569.529
2597.103
2521.03
2533.892
2618.49
3137.64
2404.846
2706.857
2510.384
2811.178
2518.742
2549.259
2542.377
2778.232
2538.1
2690.811
2761.724
2932.144
2867.346
2994.428
2928.891
3004.899
3048.125
2857.285
2966.057
2999.404
2920.635
2916.018
3005.78
2844.0
3014.766
2880.497
2829.372
2965.204
2686.88
2926.494
3076.881
3194.102
2863.946
2846.452
2999.802
2807.589
2752.564
2424.442
2670.244
2959.911
2507.714
2573.925
2459.641
2755.059
2624.557
2682.104
2760.707
2492.763
2500.128
2561.588
2949.71
2573.659
2523.162
2696.621
2592.785
2519.641
2619.468
2686.003
3138.369
2513.109
2820.382
2509.913
2430.377
2516.637
2781.58
2535.829
2930.424
3103.319
2541.779
2997.651
2664.557
2910.925
2791.356
2896.143
3121.161
2852.649
2971.113
3007.031
2904.776
2940.399
2856.703
3014.082
2947.845
2842.642
2837.498
2946.739
2865.267
2685.371
3221.73
2863.972
2852.243
2863.144
2975.757
2727.347
2438.04
2652.121
3093.806
2512.89
2983.966
2538.483
2623.017
2724.706
2699.679
2740.033
2560.943
2542.734
2687.549
2543.399
2489.857
2492.823
2569.236
2584.415
2697.156
3161.294
2502.62
2831.152
2506.501
2618.898
2972.74
2787.333
2535.15
2458.976
3095.601
2499.651
3018.648
2498.966
2694.541
2766.589
2932.003
2940.811
3094.362
2557.754
2865.483
2955.313
2996.363
2863.263
3034.83
2979.441
2888.456
2882.318
2817.632
2902.706
2830.416
3198.552
2860.619
2854.111
2823.403
2964.012
2931.013
3021.215
2685.875
3036.429
